AO 0600 5100 0014 3278 4710 124
AO 06 0006 0000 1119838830143
AO 06 0006 0000 1119838831113
AO.0600520000036650 3410149
AO.0600520000036650 3415193
AO.0600.0600.0035.5695.8731.144
AO.0600.0600.0035.5695.8730.174
AO (060) 006 000 000 114 658 31 132
AO 06000600000173927530298
AO 0600 5100 0062 4581 8010 124
AO 0600 5300 0000 1579 3010 113
AO 0600 5300 0000 1579 3010 210
AO 0600 5300 0000 1579 3010 307
AO06005100009261796010121
AO 06004000002918140610185
AO 06 0006 0000 11198388311 13
AO 06 005500000037920810184
AO 060 006 00000 94 06 43 93 01 52
AO 06 0051 0000 9892 4734 10123
AO 06004000005632752810136
AO 06000600000. 940643930152
AO 06000100000000000100067
AO.0600.0600.0035.5695.8730.174
AO.0600.0600.0035.5695.8731.144
AO.06005200000366503415193
AO. 06000500000.402782915144
AO 0600 5100 0020 5763 4910 107
AO 06003400000500344180389
