IBAN AT 73 11000 04443 171600
AT 02 6000 0000 9202 5567
AT 64 5400 0003 0026 2623
AT06 2040 4012 0012 3331
AT575400000000777771
AT632031700200200665
AT 922 011 100 002 551 063
AT 92 3501 2000 0101 2343
AT 19 20404 00600 265009
AT97 3200 0000 0051 8548
AT 15 1200 0106 1008 31 00
AT 30 36218 00000120170
AT 87 3200 0000 1207 7830
AT 56 3313 5003 0104 9196
AT 602011100002305453
AT 60 2011 1283 1261 7201
AT 60 3219 5000 0050 9315
AT 661636000136143263
AT 08 20604 009 000 01579
AT 781816041470031000
AT 17 2040 4006 0026 2717
AT 06 3400 0000 0262 1100
AT 93 12000 500 9484 0004
AT 563 225 000 000 705 343
AT 34 20111 30000011821
