FI 24 8000 1670 5221 10
IBAN FI 2316603000077720
FI 54 800015 000 69290
FI32 157230 000 30072
FI 38 5072 0540 0320 69
FI 60 1443 3000 1131 98
FI 98 5381 1720 0190 05
FI 91 8000 2430 6462 72
FI 1410973000115945
FI 88 4055 1020 1701 83
FI 738 000 15 711 55 010
FI98 4055 00100133 61
FI 11 51050610 001888
FI 73 1528 3000 135280
FI 76 4006 2220 0144 94
FI 2140 5524 2002 9508
FI 8781 3007 1015 9704
FI 39 5670 0820 1352 57
FI 5222051800005099
FI73 5700 8120 2291 12
FI 83 519407 2011 1892
FI 42 1366 3000 1266 07
