FR1420041010050500013M02606
FR76 3043 8000 0837 6490 3000 526
FR76 30003 00119 00020212266 43
FR7630027175330002005370159
FR76 1832 9000 0110 1111 2000 191
FR.98.20041.01016.0994845V037.34
FR 23 2004 1000 0127 4847 3B02 035
FR 7630 0040 2569 0000 0294 37103
FR 76 1007 1750 0000 0010 0035 291
FR 76 3006 6109 4000 0100 3080 193
FR 76 1189 9001 0000 0200 3124 583
FR 76 1670 5090 1708 7710 2614 840
FR 10 2004 1000 0102 8489 4Y02 027
FR 76 3000 4015 8700 0260 1178 980
FR 76 30003 02360 00150017186 72
FR76 3006 6108 7300 01024260 178
FR 23 2004 1000 0125 7091 0Y02 053
FR 76 1213 5003 0008 8018 5921 644
FR 76 3000 4004 7800 0013 1404 410
FR 57 2004 1000 0123 2068 7S02 079
FR 76 10071760 00 00 0010 00 38 624
FR 76 1751 5006 0008 2751 2334 879
FR 76 3007 6023 5210 7618 0020 033
FR 76 3000 3032 8000 0500 6152 856
FR 75 3004 1000 0104 4244 5Z02 067
FR76 1009 6185 6500 0257 2210 186
FR 76 1680 6001 0039 3268 9620 081
FR 12 3000 2085 7100 0006 0353 S04
FR 76 3000 4015 8700 0260 1178 980
FR 76 1054 8000 6000 0476 0051 673
FR 76 1009 6185 0600 0640 9780 167
FR 40 3000 2056 5600 0046 6276 T57
FR 45 2004 1000 0115 37 359Y02097
FR 76 1548 9003 8000 0357 5450 136
FR 76 3000 4008 0400 0102 1901 036
FR 76 1910 6006 8000 9631 2601 895
FR 17 3000 1004 9700 00Q0 5050 089
FR 76 1007 1250 0000 0010 0257 708
FR 89 3000 2083 4300 0007 1547 D17
FR 76 3000 3002 7800 0270 0475 779
FR 76 3000 3039 4100 0372 6061 586
FR 76 / 1213 / 5003 / 0008 / 0013 / 0194 / 760
FR 76 3006 6109 4000 0100 3080 193
FR 40 3000 2056 5600 0046 6276 T57
FR 6820041010090469926K03088
FR 40 3000 2056 5600 0046 6276 T57
FR 76 1450 6000 0407 8843 0306 021
FR 76 1460 7000 5166 0210 9766 627
FR 76 30003 03300 00037260771 18
FR 12 3000 2006 8400 0000 5616 A66
FR 76 1870 6000 0017 6105 0800 016
FR 76 1450 6005 4472. 8200 4676 641
FR 76 1009 6181 0200 0242. 0040 136
IBAN: FR 26 4097 8000 4801 2567 0B00 101
FR 76 30003 00990 00037268733 15
FR 76 1910 6000 0143 6478 0491 968
FR 76 3006 6109 4000 0100 3080 193
FR 76 1007 1780 0000 0010 0395 848
FR 05 20041 01007 0006761X038 53
FR 76-1007-1490-0000-0010-0020-607
FR 76 1213 5003 0008 8018 5921 644
FR 45 2004 1000 0115 37 359Y02097
FR 23 2004 1000 0114 69184V02 032
FR 76 1350 7001 6130 1074 6211 303
FR 76 3000 3018 4100 0372 6064 956
FR 76 4255 9000 1521 0297 8460 138
FR 76 3000 4008 9200 0104 4351 821
FR 76 3000 4008 4900 0100 1185 914
FR 76 1007 1590 0000 0010 1131 413
FR 30 3000 1008 39C3 7800 0000 051
FR 96 20041 01010 0044826B031 51
FR 76 3000 3034 5000 0506 2190 310
FR 76 1007 19 10 0000 0010 0177471
FR 02 20041 00001 5192606T020 73
FR-76-1007-1490-0000-0010-0020-607
FR 7630003021900002015008627
FR.98.20041.01016.0994845V037.34
FR 76 1007 1740 0000 0020 0024 505
FR 75 3000 1008 33C3 1800 0000 047
FR 76 1007 1750 0000 0010 0035 776
FR 76 30003 01100 00020884475 75
FR 75 3000 1008 33C3 1400 0000 086
FR 76 3005 6000 6600 6626 3664 091
FR 76 3000 4001 7800 0101 0481 692
Fr 76 30004 01692 000202 4109 661
FR 76 1440 6001 8019 1329 1016 563
FR 76 3000 1000 6400 0000. 9018 227
FR 76 1007 1750 0000 0010 0001 244
FR 76 3000 4008 5900. 0100 2278663
