PL61109010140000071219812874
PL.46 1010 1010 0030 1422 3100 0000
PL 21 1240 1545 1111 0000 1166 6233
PL71 1240 1545 1787 0000 1166 6259
PL 34124065241787001040784695
PL 77124065241978001040784653
PL 25 1910 1048 2120 9918 1929 0002
PL 59 1600 1462 1844 1457 0000 0001
PL 10 1160 2202 0000 0000 3550 6213
PL 05 1600 1462 1844 1457 0000 0003
PL 75 1600 1462 1844 1457 0000 0004
PL 80 1160 2202 0000 0000 4054 5461
PL 30 1160 2202 0000 0001 6077 7279
PL 58 1750 1064 0000 0000 3038 7082
PL 24 1050 1575 1000 0090 6523 5872
PL 20 1240 6292 1111 0010 5759 7156
PL 60 1030 1508 0000 0005 5001 0038
PL 07 1090 2398 0000 0001 1007 4280
PL 75 1020 1156 0000 7802 0059 7252
PL 73 1140 2017 0000 4502 1050 9042
PL 24 1020 4753 0000 0102 0097 7322
PL 93 1130 1017 0020 1226 4720 0001
PL 64 1130 1017 0020 1467 1520 0005
PL 37 1130 1017 0020 1467 1520 0006
PL 75 1130 1017 0020 1467 1520 0001
PL 06 1160 2202 0000 0000 4696 3052
PL 20 1140 1010 0000 2926 6700 1020
PL 85 1140 1010 0000 2926 6700 1014
PL 64 1030 1508 0000 0008 1656 1019
PL 42 1030 1508 0000 0008 1656 1027
PL 54 1240 1444 1111 0000 0936 5629
PL 59 1240 1444 1978 0000 0936 5645
PL 23 1140 1137 0000 2108 3300 1001
PL 93 1140 1137 0000 2108 3300 1002
PL 66 1140 1137 0000 2108 3300 1003
PL 22 1910 1048 2510 0026 8383 0005
PL 13 1910 1048 2781 0026 8383 0003
PL 60 1750 1237 0000 0000 1220 4922
PL 12 1750 1237 0000 0000 1218 4058
PL 24 1020 4753 0000 0102 0097 7322
PL 60 1140 2004 0000 3412 0188 0400
PL 93 1130 1017 0020 1226 4720 0001
PL 20 1140 1010 0000 2926 6700 1020
PL26 1910 1048 2122 0170 9526 0001
PL96 1910 1048 2122 0170 9526 0002
PL 45 1160 2202 0000 0000 3174 8579
PL 77 1240 3464 1111 0010 6320 9674
PL 22 1240 3464 1978 0010 6321 0188
PL 64 1030 1508 0000 0008 1656 1019
PL 42 1030 1508 0000 0008 1656 1027
PL 49 8787 0000 0024 6482 20000001
PL 42 1030 1508 0000 0008 1656 1027
PL 08 1910 1048 2669 5941 2459 0001
PL 98 1020 5226 0000 6602 0416 7565
PL 61 2490 0005 0000 4510 1650 5736
PL83 1240 3796 1978 0010 4632 3601
PL 31 1240 1037 1978 0010 1651 3186
PL 86 1240 1037 1787 0010 1740 2700
PL62 1600 1286 0003 0031 8642 6001
PL 71 1030 0019 0109 7806 0103 0205
PL 60 1030 0019 0108 4006 0111 2631
PL 89 8944 0003 0000 2088 2000 0010
PL 39 1240 4142 1978 0000 4823 0559
PL 24 1240 4142 1787 0010 3844 4994
PL 70 1240 4748 1111 0000 4879 7603
PL 74 1050 1214 1000 0007 0000 7909
PL78191010482518467065890001
PL51191010482518467065890002
PL 29 1050 1142 1000 0023 5194 3747
PL 12 1050 1142 1000 0023 5194 3762
PL 20 1050 1142 1000 0023 5336 5832
PL 11 1030 0019 0109 8530 0046 1839
PL 64 1020 1127 0000 1102 0198 5654
PL 52 84350004 0000 0002 6185 0001
PL 65 1020 5011 0000 9602 0105 7298
PL 06 1750 0009 0000 0000 0561 3183
PL 28 1140 2017 0000 4612 0074 4391
PL 95 1020 4027 0000 1002 0052 7176
PL 63 1240 5282 1111 0000 4889 8384
PL 16 1090 1883 0000 0001 0194 5244
PL 48 2490 0005 0000 4600 6936 3486
PL 07 1090 2398 0000 0001 1007 4280
PL 44 1140 2004 0000 3002 7409 3926
pl63203000451110000003803020
PL 16 1240 6609 1111 0000 4933 2414
PL 90 1020 2267 0000 4302 0004 2002
PL 29124026141111000039586445
PL 77 2490 0005 0000 4600 4362 0619
PL 10 2490 0005 0000 4000 9745 4112
PL 40 2490 0005 0000 4000 9817 2730
PL 02 1030 1276 0000 0000 5528 5211
PL 29 1030 1276 0000 0000 5528 5210
PL 46 1050 1025 1000 0023 1010 9745
PL 16 1240 6609 1111 0000 4933 2414
PL 23 1240 6609 1978 0000 4933 5789
PL 90 1020 2267 0000 4302 0004 2002
PL 71 1030 1263. 0000 0000 8949 9003
PL 29124026141111000039586445
PL 09 2490 1057 0000 9900 4941 5247
PL 97 2490 1057 0000 9902 4941 5247
PL 77 2490 0005 0000 4600 4362 0619
PL 78 1240 6612 1111 0010 3433 8273
PL 40 2490 0005 0000 4000 9817 2730
PL 02 1030 1276 0000 0000 5528 5211
PL 29 1030 1276 0000 0000 5528 5210
PL 46 1050 1025 1000 0023 1010 9745
PL 36 1240 2294 1111 0010 1209 3336
PL 81 1240 2294 1978 0010 1209 3408
PL 29 1950 0001 2006 0692 5295 0003
PL 90 1010 1599 0523 6022 3100 0000
PL 06 1050 1070 1000 0090 3057 3225
PL 59 1050 1070 1000 0022 3285 0392
PL 14 1160 2202 0000 0000 3342 4618
PL 58 1500 1083 1210 8005 7637 0000
PL 42 1050 1953 1000 0023 6908 4153
PL 35 1500 1793 1217 9006 7421 0000
PL 66103012470000000055861358
PL 44 1240 6609 1978 0010 4746 2792
PL 18 1130 1017 0020 1466 5620 0001
PL 35102032190000900200102624
PL 35102032190000950200555078
PL 72 1090 2529 0000 0001 3016 5716
