PT 50 0007 0000 00072023471 23
PT 50 0007 0691 0001 1420 0082 8
PT 50 000700110050014000111
PT 50 0010 0000 3801 1080 0016 7
PT 50 0010 0000 3968 6380 0016 1
PT 50 0010 0000 51177110001 55
PT 50 0018 0365 002000 10582 22
PT 50 0033 0000 0000 5717 13255
PT 50 0033 0000 5003 2983 2480 5
PT 50 0035 0001 00013018330 37
PT 50 0035 0001 00020285030 08
PT 50 0035 0205 00011528730 91
PT 50 0035 0391 00013831630 45
PT 50 0035 0542 0000 9975 730 73
PT 50 0035.0671.00000311330.75
PT 50 00360175 9910 07575091 2
PT 50 0038 0248 055245177714 0
PT 50 0781 0112 0000000 2991 22
PT 50 0781 0112 0000000 784316
PT 50.0033.0000.00192237511.05
PT 50.0035.0697.00632073.300.73
PT 500 018 000 050 924 642 020 49
PT 500 035 017 100 167 322 630 15
PT 5000 0705 2200 0138 0000 332
PT 5000 18 0269 00200010529 69
PT 5000 3800 2300 694 308 77 141
PT 50000700210013513000259
PT 50003501270004098893077
PT 50003502340000669213002
PT 50003506510052468183052
PT 500035068800000304530 44
PT 50078101120112001332826
PT-50003500970000817053048
PT50 0010 0000 1573 7690 1063 9
PT50 0038 0000 3933 1181 7719 0
PT: 50 0018 0003 24403537020 84
PT: 50003300004520006048605
