SI56 051008011098926
SI56 0100 0000 0300 007
SI56 0451 5000 0570 577
SI56 2900 0010 1901 946
SI56 0510 0800 0022 205
SI56101000051042074
SI56 2900 0005 1352 336
SI 56 1010 0004 5900 492
SI56011008450021464
SI56047500000115384
SI56031301000271360
SI56011008881000030
SI56 0310 0100 6235 420
SI56 0292 2001 1058 965
SI56 0510 0801 2087 356
SI56 0700 0000 0843 602
SI56 3300 0000 0582 088
SI56 1010 0003 8034 471
SI56 0100 0000 3800 058
SI56 6100 0000 3565 970
SI56 0110 0845 0084 126
SI56 0292 3001 4224 317
SI56 2900 0000 1812 884
SI56 0510 0801 0612 277
SI56 3300 0000 2914 938
SI56 3000 0010 3169 721
SI56 0430 2000 1492 620
SI56 3300 0000 4432 988
SI56 0292 4025 4879 425
SI56 0292 4001 4270 634
SI56 3300 0000 1348 388
SI56 0249 8001 7625 689
SI 56 0430 2000 0284 291
SI56 0292 4001 3384 248
SI56 2900 0005 5016 220
SI56 0700 0000 1531 914
SI56 0430 2000 1472 541
SI56 1010 0000 0008 240
SI56 0223 6001 7050 416
SI56 2460 0900 2857 625
SI56 0510 0801 2802 537
SI56 0317 9100 0237 822
SI 56 3000 0001 0074 262
SI56 0100 0000 0300 007
SI56 0100 0000 0100 090
SI56 0100 0000 2900 092
SI56 0100 0000 0600 028
SI56 0100 0000 1000 153
SI56 0100 0000 1910 013
SI56 0100 0000 2700 078
SI56 0100 0000 0700 035
SI56 0100 0000 3300 023
SI56 0100 0000 3400 030
SI56 0100 0000 0400 014
SI56 0100 0000 0200 097
SI56 0100 0000 9000 034
SI56 0100 0000 2510 055
SI56 0100 0000 2400 057
SI56 0100 0000 0300 007
SI56 0100 0000 3029 005
SI56 0100 0000 3500 134
SI56 0100 0000 3700 051
SI56 0100 0000 3800 058
SI56 0100 0000 0500 021
SI56 0100 0000 4100 079
SI56 0100 0000 6100 025
SI56 0100 0000 6000 018
SI56 0100 0000 6400 046
SI56 0100 0000 7900 054
SI56 0475 2000 0502 025
SI56 0292 4025 7767 891
SI56 0510 0801 3106 632
SI56 3300 0000 3059 468
SI56 6100 0000 2218 737
SI56024260015046980
SI56060000103551776
SI56101000038263682
SI56300000002234334
SI56031761000289864
SI56 6100-0000-1966-246
SI56 6100-0000-1966-246
SI56 6100-0000-1966-537
SI56 6100-0000-2274-609
SI56 0312 5100 7981 553
SI56 0234 0001 1994 045
SI56 2490 0900 3387 483
SI56 0294 0025 9931 856
SI56 3300 0000 5944 151
