IBAN TN59 0503 7000 1055 0005 9681
TN59 00 038 000 4109111000 15
TN59 0100 1020 1112 0050 3889
TN59 010300721107004024 19
TN59 0120 1040 1107 0163 7730
TN59 0170 0022 1107 0070 7867
TN59 04 111 093 4047 00120 3 23
TN59 0400 0010 4047 0081 1766
TN59 0400 5006 4044 0017 2754
TN59 0402 0106 4044 0011 2371
TN59 04059147003321917114
TN59 04069154002547395079
TN59 0450 0043 4048 0927 4841
TN59 0500 0000 0018 0014 7089
TN59 0500 3000 0073 0352 1009
TN59 0502 3000 0935 0094 7202
TN59 0560 9000 0673 0003 7141
TN59 0570 1000 0765 1799 1210
TN59 07203003810582398664
TN59 0740 10 04 9146 0704 2501
TN59 08 702 0004310004591 90
TN59 0830 4000 3520 0566 3660
TN59 0880 4000 3420 0334 7741
TN59 0890 6000 1420 0167 9029
TN59 1000 6035 1835 9847 8831
TN59 1040 4100 9041 7338 4007
TN59 11 006 00 27502 008 788 72
TN59 11 300 00291 14 00878 8 24
TN59 11 900 0091714 001 788 16
TN59 11701003665600878825
TN59 12019 0000033006434 61
TN59 12500 0000033004573 04
TN59 1420 7207 1007 0712 9648
TN59 1450 2502 1017 0044 2151
TN59 17 706 0000001917555 05
TN59 1700 1000 0000 7769 6024
TN59 25 005 000 0000110235 40
TN59 3200 5788 1010 5051 0105
TN59-0102-5066-1112-0004-3251
TN59-0107-8105-1112-0004-8713
TN59-0120-1040-1112-0015-7105
TN59 08705000412004114855
tn59 0599 9000 0000 0352 0029
